0 Double slit
0 Name: /home/charles/Lego/double-slit/double-slit-lego/models/dat/double-slit.dat
0 Author: Charles Horn
0 !LDRAW_ORG Unofficial_Part
0 !LICENSE Redistributable under CCAL version 2.0 : see CAreadme.txt

0 BFC CERTIFY CCW

0 // Created with stl2dat conversion tool v1.32

4 16 50 -31.25 -0.62 0.93 5.62 -0.62 0.93 15.63 -0.62 50 31.25 -0.62
2 24 0.93 5.62 -0.62 0.93 15.63 -0.62
2 24 50 -31.25 -0.62 50 31.25 -0.62
3 16 50 -31.25 -0.62 0.42 5.62 -0.62 0.93 5.62 -0.62
2 24 0.42 5.62 -0.62 0.93 5.62 -0.62
4 16 0.42 5.62 -0.62 -0.42 5.62 -0.62 -0.42 15.63 -0.62 0.42 15.63 -0.62
2 24 -0.42 5.62 -0.62 -0.42 15.63 -0.62
2 24 0.42 15.63 -0.62 0.42 5.62 -0.62
3 16 50 -31.25 -0.62 -0.42 5.62 -0.62 0.42 5.62 -0.62
4 16 -50 -31.25 -0.62 -0.93 5.62 -0.62 -0.42 5.62 -0.62 50 -31.25 -0.62
2 24 -0.93 5.62 -0.62 -0.42 5.62 -0.62
2 24 50 -31.25 -0.62 -50 -31.25 -0.62
4 16 -50 31.25 -0.62 -0.93 15.63 -0.62 -0.93 5.62 -0.62 -50 -31.25 -0.62
2 24 -0.93 15.63 -0.62 -0.93 5.62 -0.62
2 24 -50 -31.25 -0.62 -50 31.25 -0.62
3 16 0.42 15.63 -0.62 50 31.25 -0.62 0.93 15.63 -0.62
2 24 0.93 15.63 -0.62 0.42 15.63 -0.62
3 16 -0.42 15.63 -0.62 50 31.25 -0.62 0.42 15.63 -0.62
4 16 -0.93 15.63 -0.62 -50 31.25 -0.62 50 31.25 -0.62 -0.42 15.63 -0.62
2 24 -50 31.25 -0.62 50 31.25 -0.62
2 24 -0.42 15.63 -0.62 -0.93 15.63 -0.62

4 16 0.93 5.62 0.62 50 -31.25 0.62 50 31.25 0.62 0.93 15.63 0.62
2 24 50 31.25 0.62 50 -31.25 0.62
2 24 0.93 15.63 0.62 0.93 5.62 0.62
3 16 50 31.25 0.62 0.42 15.63 0.62 0.93 15.63 0.62
2 24 0.42 15.63 0.62 0.93 15.63 0.62
4 16 0.42 15.63 0.62 -0.42 15.63 0.62 -0.42 5.62 0.62 0.42 5.62 0.62
2 24 -0.42 15.63 0.62 -0.42 5.62 0.62
2 24 0.42 5.62 0.62 0.42 15.63 0.62
3 16 50 31.25 0.62 -0.42 15.63 0.62 0.42 15.63 0.62
4 16 50 31.25 0.62 -50 31.25 0.62 -0.93 15.63 0.62 -0.42 15.63 0.62
2 24 50 31.25 0.62 -50 31.25 0.62
2 24 -0.93 15.63 0.62 -0.42 15.63 0.62
4 16 -0.93 15.63 0.62 -50 31.25 0.62 -50 -31.25 0.62 -0.93 5.62 0.62
2 24 -50 31.25 0.62 -50 -31.25 0.62
2 24 -0.93 5.62 0.62 -0.93 15.63 0.62
3 16 0.42 5.62 0.62 50 -31.25 0.62 0.93 5.62 0.62
2 24 0.93 5.62 0.62 0.42 5.62 0.62
3 16 -0.42 5.62 0.62 50 -31.25 0.62 0.42 5.62 0.62
4 16 -50 -31.25 0.62 50 -31.25 0.62 -0.42 5.62 0.62 -0.93 5.62 0.62
2 24 -50 -31.25 0.62 50 -31.25 0.62
2 24 -0.42 5.62 0.62 -0.93 5.62 0.62

4 16 50 -31.25 0.62 50 -31.25 -0.62 50 31.25 -0.62 50 31.25 0.62
2 24 50 -31.25 0.62 50 -31.25 -0.62
2 24 50 31.25 -0.62 50 31.25 0.62
4 16 -50 -31.25 -0.62 -50 -31.25 0.62 -50 31.25 0.62 -50 31.25 -0.62
2 24 -50 -31.25 -0.62 -50 -31.25 0.62
2 24 -50 31.25 0.62 -50 31.25 -0.62
4 16 50 31.25 -0.62 -50 31.25 -0.62 -50 31.25 0.62 50 31.25 0.62
4 16 -50 -31.25 -0.62 50 -31.25 -0.62 50 -31.25 0.62 -50 -31.25 0.62
4 16 0.93 5.62 -0.62 0.93 5.62 0.62 0.93 15.63 0.62 0.93 15.63 -0.62
2 24 0.93 5.62 -0.62 0.93 5.62 0.62
2 24 0.93 15.63 0.62 0.93 15.63 -0.62
4 16 0.42 5.62 0.62 0.42 5.62 -0.62 0.42 15.63 -0.62 0.42 15.63 0.62
2 24 0.42 5.62 0.62 0.42 5.62 -0.62
2 24 0.42 15.63 -0.62 0.42 15.63 0.62
4 16 0.93 5.62 -0.62 0.42 5.62 -0.62 0.42 5.62 0.62 0.93 5.62 0.62
4 16 0.42 15.63 -0.62 0.93 15.63 -0.62 0.93 15.63 0.62 0.42 15.63 0.62
4 16 -0.42 5.62 -0.62 -0.42 5.62 0.62 -0.42 15.63 0.62 -0.42 15.63 -0.62
2 24 -0.42 5.62 -0.62 -0.42 5.62 0.62
2 24 -0.42 15.63 0.62 -0.42 15.63 -0.62
4 16 -0.93 5.62 0.62 -0.93 5.62 -0.62 -0.93 15.63 -0.62 -0.93 15.63 0.62
2 24 -0.93 5.62 0.62 -0.93 5.62 -0.62
2 24 -0.93 15.63 -0.62 -0.93 15.63 0.62
4 16 -0.93 15.63 -0.62 -0.42 15.63 -0.62 -0.42 15.63 0.62 -0.93 15.63 0.62
4 16 -0.42 5.62 -0.62 -0.93 5.62 -0.62 -0.93 5.62 0.62 -0.42 5.62 0.62
