0 Laser diode
0 Name: /home/charles/Lego/double-slit/double-slit-lego/models/dat/laser-diode.dat
0 Author: Charles Horn
0 !LDRAW_ORG Unofficial_Part
0 !LICENSE Redistributable under CCAL version 2.0 : see CAreadme.txt

0 BFC CERTIFY CCW

0 // Created with stl2dat conversion tool v1.32

3 16 -5.51 -200 0.37 -4.37 -200 0 -4.81 -200 0.59
2 24 -4.81 -200 0.59 -4.37 -200 0
2 24 -5.51 -200 0.37 -4.81 -200 0.59
4 16 -5.51 -200 -0.37 -4.81 -200 -0.59 -4.37 -200 0 -5.51 -200 0.37
2 24 -4.81 -200 -0.59 -5.51 -200 -0.37
2 24 -4.81 -200 -0.59 -4.37 -200 0
2 24 -5.51 -200 -0.37 -5.51 -200 0.37

3 16 4.49 -200 0.37 5.62 -200 0 5.19 -200 0.59
2 24 5.19 -200 0.59 5.62 -200 0
2 24 4.49 -200 0.37 5.19 -200 0.59
4 16 4.49 -200 -0.37 5.19 -200 -0.59 5.62 -200 0 4.49 -200 0.37
2 24 5.19 -200 -0.59 4.49 -200 -0.37
2 24 5.19 -200 -0.59 5.62 -200 0
2 24 4.49 -200 -0.37 4.49 -200 0.37

3 16 -4.81 -22.5 0.59 4.49 -22.5 0.37 5.19 -22.5 0.59
2 24 4.49 -22.5 0.37 5.19 -22.5 0.59
4 16 -4.37 -22.5 0 4.49 -22.5 -0.37 4.49 -22.5 0.37 -4.81 -22.5 0.59
2 24 4.49 -22.5 -0.37 4.49 -22.5 0.37
2 24 -4.81 -22.5 0.59 -4.37 -22.5 0
4 16 -4.81 -22.5 -0.59 5.19 -22.5 -0.59 4.49 -22.5 -0.37 -4.37 -22.5 0
2 24 5.19 -22.5 -0.59 4.49 -22.5 -0.37
2 24 -4.37 -22.5 0 -4.81 -22.5 -0.59
3 16 -6.25 -22.5 0.62 -4.81 -22.5 0.59 6.25 -22.5 0.62
2 24 6.25 -22.5 0.62 -6.25 -22.5 0.62
3 16 -6.25 -22.5 0.62 -5.51 -22.5 0.37 -4.81 -22.5 0.59
2 24 -5.51 -22.5 0.37 -4.81 -22.5 0.59
4 16 -6.25 -22.5 0.62 -6.25 -22.5 -0.62 -5.51 -22.5 -0.37 -5.51 -22.5 0.37
2 24 -6.25 -22.5 0.62 -6.25 -22.5 -0.62
2 24 -5.51 -22.5 -0.37 -5.51 -22.5 0.37
3 16 -4.81 -22.5 -0.59 -6.25 -22.5 -0.62 5.19 -22.5 -0.59
3 16 -5.51 -22.5 -0.37 -6.25 -22.5 -0.62 -4.81 -22.5 -0.59
2 24 -4.81 -22.5 -0.59 -5.51 -22.5 -0.37
3 16 5.19 -22.5 0.59 6.25 -22.5 0.62 -4.81 -22.5 0.59
3 16 5.62 -22.5 0 6.25 -22.5 0.62 5.19 -22.5 0.59
2 24 5.19 -22.5 0.59 5.62 -22.5 0
3 16 6.25 -22.5 -0.62 5.62 -22.5 0 5.19 -22.5 -0.59
2 24 5.62 -22.5 0 5.19 -22.5 -0.59
3 16 5.62 -22.5 0 6.25 -22.5 -0.62 6.25 -22.5 0.62
2 24 6.25 -22.5 0.62 6.25 -22.5 -0.62
3 16 6.25 -22.5 -0.62 5.19 -22.5 -0.59 -6.25 -22.5 -0.62
2 24 -6.25 -22.5 -0.62 6.25 -22.5 -0.62

4 16 6.07 12.5 4.41 -6.07 12.5 4.41 -2.32 12.5 7.13 2.32 12.5 7.13
2 24 -2.32 12.5 7.13 -6.07 12.5 4.41
2 24 2.32 12.5 7.13 -2.32 12.5 7.13
2 24 6.07 12.5 4.41 2.32 12.5 7.13
4 16 7.5 12.5 0 -7.5 12.5 0 -6.07 12.5 4.41 6.07 12.5 4.41
2 24 -6.07 12.5 4.41 -7.5 12.5 0
2 24 7.5 12.5 0 6.07 12.5 4.41
4 16 6.07 12.5 -4.41 -6.07 12.5 -4.41 -7.5 12.5 0 7.5 12.5 0
2 24 -7.5 12.5 0 -6.07 12.5 -4.41
2 24 6.07 12.5 -4.41 7.5 12.5 0
4 16 2.32 12.5 -7.13 -2.32 12.5 -7.13 -6.07 12.5 -4.41 6.07 12.5 -4.41
2 24 -2.32 12.5 -7.13 2.32 12.5 -7.13
2 24 -6.07 12.5 -4.41 -2.32 12.5 -7.13
2 24 2.32 12.5 -7.13 6.07 12.5 -4.41

4 16 -6.25 -12.5 0.62 -2.32 -12.5 7.13 -6.07 -12.5 4.41 -7.5 -12.5 0
2 24 -2.32 -12.5 7.13 -6.07 -12.5 4.41
2 24 -6.07 -12.5 4.41 -7.5 -12.5 0
4 16 -2.32 -12.5 7.13 -6.25 -12.5 0.62 6.25 -12.5 0.62 2.32 -12.5 7.13
2 24 -6.25 -12.5 0.62 6.25 -12.5 0.62
2 24 -2.32 -12.5 7.13 2.32 -12.5 7.13
3 16 -7.5 -12.5 0 -6.25 -12.5 -0.62 -6.25 -12.5 0.62
2 24 -6.25 -12.5 -0.62 -6.25 -12.5 0.62
4 16 -2.32 -12.5 -7.13 6.25 -12.5 -0.62 -6.25 -12.5 -0.62 -6.07 -12.5 -4.41
2 24 6.25 -12.5 -0.62 -6.25 -12.5 -0.62
2 24 -6.07 -12.5 -4.41 -2.32 -12.5 -7.13
3 16 -6.07 -12.5 -4.41 -6.25 -12.5 -0.62 -7.5 -12.5 0
2 24 -6.07 -12.5 -4.41 -7.5 -12.5 0
4 16 2.32 -12.5 7.13 6.25 -12.5 0.62 7.5 -12.5 0 6.07 -12.5 4.41
2 24 6.07 -12.5 4.41 7.5 -12.5 0
2 24 2.32 -12.5 7.13 6.07 -12.5 4.41
3 16 6.25 -12.5 -0.62 7.5 -12.5 0 6.25 -12.5 0.62
2 24 6.25 -12.5 0.62 6.25 -12.5 -0.62
3 16 6.25 -12.5 -0.62 6.07 -12.5 -4.41 7.5 -12.5 0
2 24 6.07 -12.5 -4.41 7.5 -12.5 0
4 16 2.32 -12.5 -7.13 6.07 -12.5 -4.41 6.25 -12.5 -0.62 -2.32 -12.5 -7.13
2 24 2.32 -12.5 -7.13 6.07 -12.5 -4.41
2 24 -2.32 -12.5 -7.13 2.32 -12.5 -7.13

4 16 -6.07 -12.5 -4.41 -7.5 -12.5 0 -7.5 12.5 0 -6.07 12.5 -4.41
2 24 -7.5 -12.5 0 -7.5 12.5 0
2 24 -6.07 12.5 -4.41 -6.07 -12.5 -4.41
4 16 2.32 12.5 7.13 2.32 -12.5 7.13 6.07 -12.5 4.41 6.07 12.5 4.41
2 24 2.32 12.5 7.13 2.32 -12.5 7.13
2 24 6.07 -12.5 4.41 6.07 12.5 4.41
4 16 6.07 -12.5 4.41 7.5 -12.5 0 7.5 12.5 0 6.07 12.5 4.41
2 24 7.5 -12.5 0 7.5 12.5 0
4 16 -2.32 12.5 7.13 -2.32 -12.5 7.13 2.32 -12.5 7.13 2.32 12.5 7.13
2 24 -2.32 12.5 7.13 -2.32 -12.5 7.13
4 16 -6.07 -12.5 -4.41 -6.07 12.5 -4.41 -2.32 12.5 -7.13 -2.32 -12.5 -7.13
2 24 -2.32 12.5 -7.13 -2.32 -12.5 -7.13
4 16 7.5 -12.5 0 6.07 -12.5 -4.41 6.07 12.5 -4.41 7.5 12.5 0
2 24 6.07 -12.5 -4.41 6.07 12.5 -4.41
4 16 -6.07 12.5 4.41 -6.07 -12.5 4.41 -2.32 -12.5 7.13 -2.32 12.5 7.13
2 24 -6.07 12.5 4.41 -6.07 -12.5 4.41
4 16 -2.32 -12.5 -7.13 -2.32 12.5 -7.13 2.32 12.5 -7.13 2.32 -12.5 -7.13
2 24 2.32 12.5 -7.13 2.32 -12.5 -7.13
4 16 2.32 -12.5 -7.13 2.32 12.5 -7.13 6.07 12.5 -4.41 6.07 -12.5 -4.41
4 16 -7.5 -12.5 0 -6.07 -12.5 4.41 -6.07 12.5 4.41 -7.5 12.5 0
4 16 6.25 -22.5 0.62 6.25 -22.5 -0.62 6.25 -12.5 -0.62 6.25 -12.5 0.62
2 24 6.25 -22.5 -0.62 6.25 -12.5 -0.62
2 24 6.25 -12.5 0.62 6.25 -22.5 0.62
4 16 -6.25 -22.5 -0.62 -6.25 -22.5 0.62 -6.25 -12.5 0.62 -6.25 -12.5 -0.62
2 24 -6.25 -22.5 0.62 -6.25 -12.5 0.62
2 24 -6.25 -12.5 -0.62 -6.25 -22.5 -0.62
4 16 -6.25 -12.5 0.62 -6.25 -22.5 0.62 6.25 -22.5 0.62 6.25 -12.5 0.62
4 16 -6.25 -22.5 -0.62 -6.25 -12.5 -0.62 6.25 -12.5 -0.62 6.25 -22.5 -0.62
4 16 4.49 -200 -0.37 4.49 -22.5 -0.37 5.19 -22.5 -0.59 5.19 -200 -0.59
2 24 4.49 -200 -0.37 4.49 -22.5 -0.37
2 24 5.19 -22.5 -0.59 5.19 -200 -0.59
4 16 4.49 -22.5 0.37 4.49 -200 0.37 5.19 -200 0.59 5.19 -22.5 0.59
2 24 4.49 -22.5 0.37 4.49 -200 0.37
2 24 5.19 -200 0.59 5.19 -22.5 0.59
4 16 5.19 -200 0.59 5.62 -200 0 5.62 -22.5 0 5.19 -22.5 0.59
2 24 5.62 -200 0 5.62 -22.5 0
4 16 4.49 -200 -0.37 4.49 -200 0.37 4.49 -22.5 0.37 4.49 -22.5 -0.37
4 16 5.62 -200 0 5.19 -200 -0.59 5.19 -22.5 -0.59 5.62 -22.5 0
4 16 -5.51 -200 -0.37 -5.51 -22.5 -0.37 -4.81 -22.5 -0.59 -4.81 -200 -0.59
2 24 -5.51 -200 -0.37 -5.51 -22.5 -0.37
2 24 -4.81 -22.5 -0.59 -4.81 -200 -0.59
4 16 -5.51 -22.5 0.37 -5.51 -200 0.37 -4.81 -200 0.59 -4.81 -22.5 0.59
2 24 -5.51 -22.5 0.37 -5.51 -200 0.37
2 24 -4.81 -200 0.59 -4.81 -22.5 0.59
4 16 -4.81 -200 0.59 -4.37 -200 0 -4.37 -22.5 0 -4.81 -22.5 0.59
2 24 -4.37 -200 0 -4.37 -22.5 0
4 16 -5.51 -200 -0.37 -5.51 -200 0.37 -5.51 -22.5 0.37 -5.51 -22.5 -0.37
4 16 -4.37 -200 0 -4.81 -200 -0.59 -4.81 -22.5 -0.59 -4.37 -22.5 0
